698
1354
1677
1862
1904
2107
2155
2423
2447
2512
2556
2649
2675
2689
2826
2856
2887
2895
3126
3166
3645
3711
3790
3791
3792
3840
4123
4217
4227
4239
4315
4332
4334
4360
4464
4597
4617
4761
4815
5228
5258
5277
5285
5301
5370
5502
5686
5850
5870
5992
6084
6112
6168
6200
6204
6214
6228
6408
6434
6574
6594
6652
6799
6827
6832
6880
6973
7101
7253
7285
7302
7333
7334
7392
7479
7493
7513
7586
7667
7731
7733
7843
7867
7882
7933
7934
7937
7958
8004
8109
8151
8183
8216
8272
8377
8431
8479
8515
8536
8588
8681
8688
8741
8939
9087
9127
9128
9152
9176
9183
9196
9257
9328
9373
9382
9384
9399
9449
9492
9509
9520
9548
9565
9618
9627
9647
9665
9672
9678
9745
9746
9786
9818
9840
9852
9900
9904
9920
9927
9929
10016
10021
10039
10069
10102
10146
10210
10237
10279
10280
10286
10314
10326
10328
10337
10375
10388
10406
10430
10456
10466
10469
10489
10507
10530
10554
10569
10582
10608
10666
10678
10686
10713
10715
10731
10734
10763
10803
10805
10826
10841
10845
10848
10879
10897
10911
10955
10986
11038
11053
11066
11098
11102
11107
11122
11126
11164
11171
11172
11191
11194
11197
11219
11222
11223
11295
11435
11515
11527
11546
11586
11733
11811
11854
11904
11907
11925
11927
12003
12031
12049
12104
12132
12175
12220
12254
12266
12311
12327
12371
12410
12448
12451
12528
12534
12575
12577
12608
12730
12752
12812
12823
12825
12846
12900
12902
12920
12999
13002
13005
13022
13078
13100
13114
13119
13131
13159
13202
13241
13259
13275
13300
13326
13359
13360
13385
13419
13425
13435
13453
13454
13456
13460
13506
13516
13523
13532
13533
13563
13565
13574
13578
13666
13727
13729
13746
13747
13781
13794
13802
13837
13861
13863
13905
13942
13953
13974
14065
14068
14091
14214
14372
14432
14529
14531
14532
14578
14628
14702
14720
14741
14744
14825
14864
14902
14956
14980
15011
15014
15020
15073
15117
15122
15163
15164
15165
15167
15178
15199
15211
15251
15262
15264
15327
15359
15360
15406
15451
15461
15463
15536
15592
15629
15688
15776
15802
15835
15837
15861
15887
15993
16001
16047
16061
16093
16116
16131
16132
16204
16226
16244
16284
16401
16403
16407
16451
16468
16508
16513
16518
16601
16651
16653
16704
16775
16789
16799
16817
16983
17142
17163
17179
17191
17202
17213
17238
17250
17328
17348
17367
17386
17421
17436
17459
17502
17504
17512
17514
17544
17546
17593
17603
17611
17616
17723
17742
17792
17799
17801
17803
17826
17856
17882
17899
17932
17956
17997
18001
18031
18035
18051
18069
18094
18102
18116
18120
18143
18151
18161
18170
18178
18222
18235
18290
18294
18295
18319
18338
18366
18404
18414
18422
18488
18506
18521
18566
18574
18584
18619
18681
18685
18762
18769
18770
18795
18887
18888
18936
18947
18964
18975
18983
19011
19025
19060
19085
19110
19121
19206
19209
19248
19254
19299
19303
19304
19333
19348
19349
19350
19378
19461
19491
19611
19684
19722
19774
19803
19832
19849
19861
19867
19868
19918
19958
19994
20035
20039
20041
20048
20108
20113
20128
20261
20264
20266
20272
20296
20322
20426
20433
20458
20461
20467
20473
20478
20513
20522
20528
20600
20608
20647
20663
20667
20711
20777
20800
20817
20829
20931
20934
20988
20993
21024
21036
21080
21091
21095
21121
21123
21156
21209
21213
21257
21265
21292
21293
21326
21335
21345
21346
21422
21450
21472
21494
21503
21514
21518
21545
21547
21599
21618
21633
21659
21723
21724
21749
21831
21834
21836
21838
21882
21906
21914
21932
21945
21965
21986
22021
22070
22078
22102
22114
22119
22150
22168
22218
22272
22289
22301
22316
22338
22418
22423
22433
22460
22495
22500
22505
22515
22517
22521
22522
22525
22546
22569
22594
22618
22619
22621
22636
22660
22685
22691
22725
22761
22774
22812
22813
22846
22868
22981
22998
23012
23033
23035
23045
23049
23176
23180
23182
23192
23193
23196
23203
23212
23213
23221
23225
23245
23277
23311
23341
23352
23362
23364
23389
23399
23407
23420
23422
23460
23478
23512
23549
23551
23571
23663
23668
23678
23694
23718
23728
23729
23734
23756
23761
23781
23803
23819
23821
23832
23847
23869
23876
23910
23923
23931
23933
23948
23949
23981
24001
24004
24013
24014
24041
24094
24096
24098
24181
24218
24223
24253
24255
24310
24319
24337
24350
24363
24366
24381
24384
24457
24478
24506
24636
24665
24675
24679
24702
24718
24723
24734
24736
24743
24771
24778
24788
24789
24791
24813
24829
24849
24850
24872
24874
24883
24889
24902
24905
24911
24915
24936
24940
25037
25061
25063
25096
25108
25110
25118
25125
25128
25144
25173
25238
25245
25316
25330
25348
25367
25451
25472
25489
25515
25525
25529
25539
25563
25585
25609
25637
25639
25641
25664
25673
25683
25684
25728
25753
25796
25810
25822
25860
25877
25884
25905
25928
25960
25977
26017
26018
26024
26042
26046
26054
26069
26072
26075
26078
26098
26108
26116
26118
26131
26138
26176
26183
26202
26203
26204
26236
26265
26266
26273
26329
26354
26357
26358
26375
26378
26407
26424
26426
26445
26484
26500
26521
26537
26545
26546
26547
26562
26580
26596
26637
26660
26673
26709
26713
26717
26720
26727
26741
26751
26755
26760
26800
26807
26825
26835
26841
26861
26888
26909
26923
26939
26983
26998
27015
27056
27070
27084
27087
27099
27122
27135
27157
27164
27179
27201
27222
27260
27265
27274
27279
27299
27309
27315
27316
27379
27393
27775
28099
28126
28171
28177
28228
28244
28287
28339
28354
28360
28361
28362
28368
28374
28379
28385
28402
28459
28492
28495
28551
28559
28564
28587
28593
28598
28601
28609
28614
28624
28627
28632
28652
28673
28674
28675
28676
28678
28705
28706
28722
28731
28761
28794
28812
28841
28842
28857
28909
28923
28924
28946
28954
28976
28979
28981
28982
28992
29006
29014
29127
29151
29165
29167
29173
29174
29187
29194
29199
29209
29211
29225
29228
29245
29258
29268
29273
29275
29282
29291
29316
29318
29325
29360
29386
29400
29411
29439
29476
29485
29486
29487
29527
29528
29531
29556
29586
29591
29597
29598
29615
29618
29629
29648
29657
29687
29690
29702
29706
29719
29720
29729
29745
29750
29771
29786
29790
29839
29855
29861
29866
29872
29875
29896
29898
29900
29911
29932
29933
29936
29937
29942
29944
29968
29978
29988
30024
30057
30058
30074
30080
30087
30094
30115
30133
30148
30151
30172
30193
30203
30250
30276
30283
30284
30295
30296
30298
30299
30300
30324
30326
30331
30341
30365
30371
30377
30382
30420
30428
30432
30441
30444
30460
30475
30483
30486
30488
30531
30542
30549
30550
30552
30566
30569
30575
30602
30608
30613
30631
30649
30664
30674
30677
30687
30705
30747
30748
30756
30757
30771
30780
30784
30816
30837
30851
30865
30867
30880
30896
30898
30927
30930
30950
30957
30962
30978
31003
31006
31029
31034
31037
31041
31060
31063
31072
31080
31086
31099
31107
31110
31113
31131
31134
31152
31153
31218
31279
31296
31310
31322
31362
31368
31377
31378
31380
31406
31411
31421
31430
31436
31442
31465
31477
31507
31547
31557
31827
31837
31839
31849
31858
31865
31906
31908
31911
31927
31934
31938
31940
31947
31954
31955
31963
31964
31966
31969
31988
31989
31994
32010
32011
32017
32035
32038
32052
32056
32064
32075
32083
32085
32090
32101
32102
32106
32117
32133
32136
32150
32153
32165
32166
32169
32172
32185
32186
32191
32195
32199
32205
32212
32230
32232
32260
32261
32270
32271
32282
32283
32286
32293
32294
32295
32302
32319
32327
32328
32333
32340
32344
32353
32354
32356
32358
32367
32368
32401
32406
32410
32423
32429
32430
32437
32438
32450
32481
32483
32484
32490
32500
32513
32536
32537
32564
32575
32626
32627
32638
32651
32682
32690
32700
32701
32705
32706
32710
32714
32717
32718
32735
32741
32743
32745
32750
32754
32755
32766
32770
32772
32778
32793
32807
32814
32830
32833
32838
32840
32843
32844
32850
32851
32860
32863
32882
32902
32908
32916
32928
32938
32946
32963
32965
32975
32980
33000
33023
33025
33037
33047
33057
33073
33093
33102
33104
33118
33125
33132
33177
33178
33184
33192
33194
33217
33222
33241
33257
33266
33278
33280
33289
33293
33295
33318
33322
33339
33341
33356
33375
33398
33417
33440
33454
33456
33459
33487
33513
33530
33534
33543
33579
33581
33591
33599
33603
33608
33612
33617
33620
33621
33625
33632
33642
33665
33683
33690
33693
33717
33730
33731
33742
33753
33779
33786
33796
33799
33800
33823
33833
33843
33850
33877
33887
33901
33902
33906
33924
33925
33944
33952
33959
33963
33986
33990
33994
34009
34039
34046
34101
34105
34110
34118
34120
34123
34133
34136
34146
34149
34163
34164
34168
34172
34180
34192
34200
34216
34223
34225
34236
34242
34262
34263
34276
34277
34279
34293
34308
34309
34448
34449
34452
34461
34473
34486
34490
34498
34503
34506
34519
34527
34553
34557
34560
34586
34588
34591
34598
34603
34621
34626
34646
34647
34649
34667
34670
34676
34677
34693
34697
34700
34711
34716
34718
34724
34725
34727
34728
34729
34730
34733
34740
34748
34763
34766
34773
34778
34789
34794
34796
34811
34821
34822
34834
34836
34839
34841
34842
34843
34853
34855
34878
34881
34890
34891
34897
34900
34902
34903
34907
34908
34913
34922
34934
34961
34974
34985
35004
35013
35050
35051
35060
35061
35067
35071
35074
35075
35080
35100
35110
35119
35124
35142
35168
35187
35196
35202
35224
35225
35227
35228
35241
35247
35254
35255
35257
35270
35274
35281
35282
35284
35289
35291
35306
35307
35309
35313
35320
35340
35351
35363
35374
35377
35379
35396
35414
35420
35423
35426
35447
35460
35465
35466
35474
35501
35525
35530
35547
35551
35553
35580
35591
35593
35597
35666
35668
35682
35699
35705
35711
35739
35741
35769
35773
35781
35807
35830
35833
35855
35904
35919
35921
35922
35923
35928
35943
35955
35962
35964
35972
35987
35994
36022
36028
36032
36053
36060
36078
36110
36122
36124
36128
36130
36141
36148
36158
36160
36164
36172
36192
36195
36205
36212
36214
36217
36224
36227
36232
36237
36238
36239
36242
36243
36248
36252
36268
36271
36277
36282
36296
36301
36306
36307
36328
36337
36343
36344
36347
36349
36363
36367
36370
36371
36381
36389
36390
36414
36415
36419
36422
36426
36427
36444
36454
36462
36477
36494
36496
36497
36498
36499
36507
36508
36511
36518
36518
36528
36529
36530
36532
36539
36541
36542
36543
36544
36552
36559
36568
36574
36580
36584
36592
36594
36613
36618
36619
36620
36628
36645
36646
36649
36654
36656
36663
36666
36668
36672
36676
36684
36685
36687
36697
36708
36722
36727
36734
36737
36755
36762
36763
36780
36782
36783
36789
36806
36810
36821
36824
36826
36827
36844
36854
36866
36871
36873
36877
36881
36883
36884
36890
36900
36914
36963
36966
36974
36975
36984
36997
37005
37012
37019
37023
37024
37032
37041
37050
37055
37061
37062
37077
37078
37080
37089
37091
37117
37118
37122
37123
37126
37135
37136
37151
37153
37165
37166
37168
37169
37170
37176
37180
37183
37192
37196
37209
37211
37219
37229
37231
37238
37248
37249
37253
37262
37275
37281
37284
37288
37298
37352
37353
37369
37376
37380
37385
37387
37392
37395
37398
37399
37400
37402
37403
37411
37415
37416
37417
37420
37427
37429
37433
37435
37439
37447
37456
37457
37469
37472
37474
37476
37480
37488
37492
37493
37494
37496
37513
37514
37523
37529
37538
37540
37547
37548
37559
37564
37569
37574
37578
37597
37610
37611
37613
37614
37632
37633
37645
37653
37655
37668
37671
37674
37680
37683
37693
37707
37713
37719
37723
37725
37726
37728
37731
37734
37736
37740
37746
37753
37758
37762
37802
37820
37840
37843
37846
37851
37853
37855
37866
37875
37876
37891
37910
37914
37915
37919
37920
37923
37925
37936
37937
37938
37944
37957
37963
37968
37970
37972
37975
37981
37984
37992
38001
38004
38014
38016
38020
38023
38026
38038
38039
38051
38053
38055
38058
38075
38078
38088
38095
38096
38101
38102
38107
38114
38118
38121
38127
38128
38174
38180
38182
38185
38190
38198
38204
38208
38229
38230
38235
38239
38241
38247
38265
38270
38271
38273
38276
38280
38285
38290
38294
38298
38316
38330
38335
38336
38340
38345
38352
38357
38362
38364
38368
38380
38388
38390
38402
38412
38417
38427
38431
38432
38440
38442
38447
38457
38465
38485
38487
38493
38497
38501
38511
38519
38542
38554
38562
38564
38565
38571
38576
38580
38582
38583
38602
38608
38618
38631
38638
38639
38641
38643
38645
38651
38652
38656
38670
38677
38691
38716
38718
38719
38720
38724
38727
38732
38743
38746
38747
38750
38751
38752
38760
38765
38767
38779
38789
38801
38827
38859
38868
38870
38871
38873
38883
38887
38888
38889
38905
38937
38951
38952
38958
38970
38979
38992
38998
39000
39001
39008
39024
39035
39037
39038
39041
39044
39062
39066
39068
39084
39088
39089
39092
39093
39098
39103
39106
39108
39114
39115
39116
39118
39124
39125
39129
39130
39131
39135
39136
39144
39146
39152
39153
39163
39166
39179
39180
39187
39195
39199
39204
39205
39206
39236
39242
39244
39245
39249
39250
39252
39254
39264
39271
39274
39275
39277
39278
39292
39305
39313
39327
39329
39332
39335
39338
39341
39347
39352
39356
39371
39374
39388
39389
39390
39408
39417
39419
39420
39422
39428
39429
39448
39454
39465
39466
39505
39506
39510
39512
39520
39522
39524
39526
39537
39546
39547
39572
39575
39590
39594
39601
39603
39604
39605
39606
39607
39610
39611
39619
39625
39641
39652
39669
39672
39674
39678
39683
39694
39697
39714
39718
39728
39729
39736
39737
39752
39754
39759
39765
39766
39780
39783
39784
39788
39792
39793
39794
39795
39808
39813
39824
39825
39826
39837
39838
39852
39854
39860
39870
39875
39876
39877
39886
39888
39891
39893
39895
39904
39913
39914
39919
39924
39932
39934
39935
39959
39974
39993
39996
40011
40017
40024
40028
40035
40047
40051
40054
40056
40061
40064
40069
40076
40080
40083
40084
40089
40093
40096
40098
40105
40109
40122
40131
40137
40139
40141
40156
40168
40174
40187
40197
40207
40220
40231
40232
40243
40255
40258
40268
40274
40280
40287
40297
40298
40299
40300
40307
40313
40322
40324
40330
40333
40336
40337
40338
40343
40354
40360
40363
40365
40366
40367
40368
40375
40377
40382
40387
40392
40398
40401
40410
40417
40418
40421
40423
40426
40427
40432
40440
40442
40443
40444
40448
40454
40461
40462
40463
40464
40483
40485
40499
40500
40501
40505
40511
40526
40527
40533
40534
40545
40547
40549
40550
40551
40554
40556
40557
40559
40562
40564
40572
40573
40575
40576
40579
40582
40583
40585
40589
40597
40598
40599
40604
40607
40609
40612
40613
40616
40617
40621
40636
40638
40639
40640
40641
40643
40644
40645
40647
40661
40663
40670
40671
40674
40680
40681
40684
40685
40686
40687
40692
40693
40694
40695
40698
40711
40720
40723
40725
40726
40728
40732
40733
40734
40735
40748
40749
40755
40758
40764
40766
40811
40814
40932
40934
40941
40945
40947
40954
40958
40959
40966
40971
40977
40981
40982
40987
40988
40995
40997
41002
41003
41005
41010
41013
41020
41024
41029
41036
41038
41039
41051
41052
41058
41066
41073
41075
41079
41081
41082
41088
41099
41101
41105
41107
41121
41122
41123
41126
41130
41133
41140
41150
41152
41154
41156
41161
41163
41166
41169
41175
41177
41187
41189
41191
41194
41196
41197
41200
41201
41207
41209
41210
41212
41213
41214
41215
41220
41223
41224
41225
41231
41235
41241
41243
41245
41251
41252
41257
41259
41261
41266
41272
41274
41275
41277
41279
41281
41285
41286
41288
41300
41304
41306
41308
41310
41318
41326
41330
41336
41339
41340
41349
41361
41365
41367
41370
41378
41383
41388
41397
41400
41402
41404
41409
41410
41413
41414
41415
41418
41422
41423
41427
41428
41429
41431
41439
41441
41443
41450
41456
41472
41474
41483
41484
41496
41497
41501
41503
41515
41518
41519
41524
41525
41526
41533
41535
41548
41553
41564
41570
41575
41576
41583
41585
41588
41590
41591
41594
41599
41606
41611
41631
41643
41645
41648
41650
41652
41654
41655
41661
41664
41669
41678
41679
41685
41693
41699
41700
41703
41704
41709
41712
41717
41720
41723
41724
41732
41733
41736
41741
41743
41747
41753
41754
41756
41758
41759
41761
41762
41764
41765
41766
41775
41780
41784
41795
41797
41798
41802
41803
41804
41810
41815
41820
41821
41822
41823
41834
41836
41837
41845
41864
41867
41874
41875
41877
41879
41882
41884
41886
41887
41889
41893
41897
41908
41910
41912
41918
41927
41928
41930
41938
41942
41954
41955
41957
41961
41965
41966
41970
41971
41974
41979
41981
41982
41983
41988
42002
42013
42016
42026
42028
42032
42036
42040
42044
42045
42047
42051
42055
42056
42058
42062
42067
42068
42069
42072
42088
42089
42098
42105
42107
42108
42109
42110
42111
42112
42114
42116
42117
42119
42120
42122
42125
42130
42131
42137
42145
42147
42151
42155
42157
42159
42160
42166
42167
42172
42180
42182
42184
42187
42189
42191
42196
42198
42211
42214
42218
42219
42220
42222
42224
42225
42226
42229
42236
42241
42245
42248
42253
42255
42257
42258
42261
42266
42267
42268
42276
42279
42284
42300
42305
42306
42314
42315
42319
42320
42322
42323
42342
42343
42346
42347
42350
42354
42356
42358
42359
42360
42367
42368
42372
42375
42376
42379
42380
42381
42383
42385
42386
42394
42398
42402
42404
42405
42407
42417
42420
42425
42431
42434
42441
42445
42447
42448
42449
42451
42454
42455
42461
42462
42463
42464
42465
42466
42467
42469
42473
42489
42496
42497
42518
42547
42552
42560
42561
42566
42567
42569
42576
42592
42596
42606
42608
42610
42613
42614
42617
42619
42629
42633
42636
42641
42642
42650
42654
42656
42663
42667
42685
42688
42694
42704
42705
42710
42712
42724
42737
42738
42743
42744
42745
42748
42752
42767
42773
42780
42788
42789
42803
42807
42828
42829
42830
42840
42843
42847
42852
42855
42857
42879
42884
42885
42890
42894
42900
42901
42903
42908
42929
42931
42940
42953
42954
42956
42961
42971
42972
42973
42977
42985
42986
42992
42998
42999
43002
43004
43006
43014
43015
43016
43017
43018
43025
43032
43035
43048
43053
43055
43060
43063
43065
43067
43071
43072
43081
43087
43088
43090
43091
43095
43100
43109
43122
43125
43132
43133
43137
43138
43139
43143
43148
43151
43157
43159
43160
43163
43169
43173
43177
43179
43182
43183
43184
43191
43196
43209
43213
43222
43223
43224
43228
43232
43234
43255
43256
43257
43261
43262
43263
43273
43290
43292
43298
43313
43314
43315
43316
43320
43325
43326
43332
43333
43334
43337
43341
43345
43348
43357
43361
43371
43372
43375
43379
43381
43394
43398
43406
43408
43409
43416
43420
43426
43430
43443
43444
43454
43459
43461
43462
43469
43475
43480
43482
43484
43491
43493
43499
43502
43504
43506
43507
43509
43510
43527
43530
43534
43541
43543
43561
43569
43573
43582
43583
43587
43600
43602
43609
43611
43614
43615
43626
43629
43631
43639
43648
43650
43652
43653
43669
43686
43690
43691
43696
43697
43700
43708
43726
43728
43733
43734
43742
43744
43745
43746
43751
43753
43768
43786
43798
43799
43800
43801
43806
43807
43808
43820
43824
43825
43829
43831
43838
43840
43844
43848
43856
43858
43859
43877
43883
43884
43888
43893
43899
43902
43905
43908
43909
43912
43913
43919
43922
43923
43924
43925
43926
43929
43933
43944
43945
43947
43948
43952
43953
43958
43959
43978
43980
43982
43986
43987
43988
43989
43991
43993
43996
43997
44002
44011
44023
44033
44049
44058
44059
44061
44066
44068
44069
44070
44073
44084
44085
44090
44094
44106
44107
44109
44110
44127
44143
44145
44150
44155
44164
44166
44172
44173
44176
44180
44182
44187
44188
44190
44192
44197
44199
44200
44202
44204
44205
44208
44211
44212
44218
44221
44224
44226
44227
44228
44232
44233
44235
44236
44237
44242
44244
44252
44264
44265
44267
44268
44270
44271
44281
44286
44303
44304
44307
44309
44311
44319
44327
44330
44335
44347
44360
44362
44366
44374
44376
44379
44387
44391
44392
44393
44402
44403
44413
44417
44420
44423
44424
44430
44433
44434
44447
44448
44450
44456
44457
44459
44463
44466
44473
44481
44484
44497
44498
44499
44504
44506
44508
44511
44514
44516
44528
44536
44545
44547
44549
44551
44557
44560
44565
44569
44570
44571
44573
44580
44582
44583
44585
44586
44594
44597
44600
44601
44603
44610
44611
44614
44616
44618
44624
44629
44630
44634
44650
44651
44652
44654
44655
44658
44660
44669
44670
44672
44675
44677
44687
44688
44691
44697
44706
44707
44711
44712
44714
44715
44722
44733
44735
44744
44746
44749
44751
44756
44759
44761
44764
44765
44767
44768
44774
44776
44777
44778
44781
44782
44783
44792
44793
44804
44809
44811
44819
44830
44834
44837
44843
44845
44848
44849
44854
44855
44856
44858
44859
44863
44865
44873
44874
44878
44879
44880
44885
44888
44893
44895
44896
44897
44899
44903
44907
44911
44915
44921
44922
44925
44930
44934
44938
44941
44942
44943
44949
44958
44959
44960
44962
44966
44969
44972
44977
44980
44982
44992
45012
45016
45022
45027
45029
45034
45036
45037
45047
45049
45053
45056
45057
45060
45064
45065
45072
45077
45079
45080
45081
45084
45087
45090
45093
45096
45098
45099
45102
45105
45108
45112
45117
45125
45131
45139
45145
45146
45147
45151
45154
45155
45162
45173
45178
45179
45182
45183
45186
45187
45204
45206
45212
45215
45221
45226
45232
45237
45249
45250
45251
45252
45254
45255
45256
45260
45266
45267
45270
45271
45273
45276
45277
45288
45292
45294
45297
45304
45305
45306
45309
45311
45313
45314
45316
45317
45320
45322
45326
45329
45333
45334
45335
45337
45338
45340
45342
45350
45353
45354
45356
45362
45363
45364
45365
45372
45375
45390
45393
45394
45407
45409
45411
45415
45417
45418
45420
45424
45426
45428
45429
45431
45433
45435
45441
45443
45445
45446
45453
45455
45457
45472
45477
45480
45488
45491
45492
45496
45502
45504
45505
45506
45510
45512
45514
45527
45528
45529
45531
45533
45536
45539
45550
45555
45559
45560
45566
45571
45573
45579
45580
45587
45588
45593
45594
45599
45600
45609
45610
45611
45620
45626
45629
45634
45637
45639
45642
45643
45644
45647
45648
45652
45655
45663
45675
45676
45678
45679
45681
45682
45683
45686
45689
45692
45697
45698
45707
45708
45711
45713
45716
45717
45722
45727
45728
45732
45733
45734
45740
45741
45745
45746
45748
45749
45753
45756
45764
45768
45770
45771
45773
45775
45776
45778
45781
45784
45787
45792
45798
45801
45804
45809
45817
45822
45831
45833
45844
45845
45846
45851
45854
45857
45858
45861
45862
45876
45893
45896
45899
45903
45904
45910
45917
45918
45928
45933
45935
45938
45945
45948
45949
45952
45955
45972
45976
45979
45989
45994
46003
46010
46011
46012
46013
46022
46023
46026
46028
46031
46033
46041
46050
46053
46054
46055
46059
46062
46063
46067
46069
46071
46074
46076
46081
46082
46083
46086
46087
46091
46093
46095
46098
46099
46105
46114
46115
46118
46125
46129
46132
46139
46142
46144
46145
46149
46154
46157
46158
46161
46162
46176
46178
46179
46180
46181
46182
46184
46185
46186
46190
46191
46192
46197
46198
46202
46204
46212
46213
46216
46218
46219
46222
46224
46225
46228
46230
46231
46235
46239
46240
46242
46243
46246
46248
46249
46251
46255
46257
46258
46261
46263
46268
46269
46271
46275
46277
46278
46280
46283
46285
46287
46290
46291
46292
46297
46298
46299
46301
46304
46305
46307
46308
46311
46312
46314
46315
46319
46327
46328
46329
46331
46334
46337
46339
46354
46358
46365
46369
46376
46379
46382
46385
46386
46387
46391
46394
46396
46398
46400
46403
46404
46405
46406
46407
46409
46411
46414
46415
46417
46418
46421
46423
46425
46426
46433
46434
46436
46438
46441
46446
46447
46450
46452
46455
46456
46459
46464
46467
46471
46476
46478
46482
46483
46488
46491
46493
46494
46495
46501
46503
46512
46513
46522
46523
46524
46526
46527
46528
46529
46530
46536
46538
46539
46540
46542
46543
46545
46546
46547
46556
46557
46558
46559
46564
46565
46568
46570
46574
46577
46578
46584
46589
46592
46596
46600
46602
46610
46613
46615
46616
46621
46623
46624
46625
46626
46628
46631
46632
46633
46638
46639
46640
46642
46643
46644
46645
46646
46647
46657
46659
46661
46663
46665
46668
46682
46683
46684
46685
46687
46697
46699
46700
46702
46706
46707
46710
46711
46713
46714
46715
46717
46722
46723
46726
46728
46729
46730
46731
46734
46736
46737
46739
46741
46742
46745
46746
46747
46749
46750
46751
46752
46753
46754
46758
46761
46767
46770
46773
46774
46776
46778
46784
46785
46786
46790
46793
46797
46803
46804
46810
46818
46820
46822
46825
46836
46864
46866
46868
46870
46871
46872
46874
46878
46879
46881
46882
46883
46888
46892
46895
46897
46899
46900
46905
46908
46913
46918
46919
46920
46927
46928
46929
46931
46932
46935
46936
46937
46941
46942
46943
46945
46948
46951
46952
46954
46955
46958
46960
46971
46974
46975
46976
46978
46979
46980
46982
46985
46987
46988
46997
46999
47001
47013
47014
47015
47017
47018
47019
47021
47022
47025
47027
47030
47031
47037
47040
47042
47046
47048
47051
47052
47062
47065
47066
47069
47070
47072
47073
47077
47078
47080
47082
47083
47086
47087
47091
47094
47095
47097
47099
47100
47102
47103
47104
47105
47106
47107
47110
47111
47112
47114
47115
47117
47120
47121
47122
47124
47125
47126
47127
47128
47129
47130
47131
47136
47142
47149
47153
47154
47156
47157
47165
47168
47170
47174
47179
47182
47183
47189
47203
47205
47206
47208
47210
47213
47214
47219
47222
47225
47227
47229
47231
47233
47236
47242
47245
47248
47254
47258
47259
47260
47261
47263
47264
47267
47268
47269
47273
47274
47278
47285
47287
47289
47290
47293
47294
47295
47296
47297
47300
47301
47303
47304
47305
47306
47307
47309
47311
47312
47313
47319
47321
47324
47330
47331
47333
47334
47335
47340
47342
47344
47353
47354
47356
47357
47359
47362
47365
47367
47371
47373
47374
47375
47376
47377
47378
47380
47382
47383
47384
47386
47388
47389
47390
47392
47394
47397
47398
47399
47400
47402
47403
47404
47405
47413
47414
47416
47417
47418
47422
47423
47424
47428
47431
47434
47435
47436
47439
47440
47444
47445
47448
47450
47451
47453
47454
47455
47457
47458
47462
47464
47465
47466
47472
47473
47474
47476
47477
47479
47481
47482
47485
47486
47488
47492
47496
47498
47499
47503
47504
47505
47509
47511
47513
47520
47523
47524
47527
47529
47533
47537
47538
47539
47541
47545
47548
47554
47557
47559
47562
47563
47577
47582
47583
47585
47587
47588
47590
47592
47595
47596
47597
47599
47601
47608
47613
47614
47615
47616
47618
47620
47621
47622
47623
47630
47634
47637
47638
47639
47640
47643
47647
47650
47656
47661
47665
47668
47669
47670
47671
47672
47675
47676
47680
47681
47682
47683
47685
47686
47694
47696
47697
47701
47704
47706
47707
47712
47717
47719
47720
47726
47727
47728
47730
47733
47736
47740
47741
47742
47744
47745
47746
47748
47749
47750
47754
47755
47756
47757
47759
47760
47763
47768
47771
47774
47785
47786
47787
47793
47794
47795
47797
47801
47802
47808
47812
47814
47816
47817
47819
47829
47830
47832
47836
47839
47840
47841
47842
47846
47850
47851
47854
47855
47856
47857
47858
47859
47860
47864
47866
47871
47874
47875
47876
47879
47881
47888
47892
47893
47894
47896
47897
47899
47901
47904
47908
47909
47911
47912
47915
47916
47920
47921
47923
47925
47929
47930
47936
47937
47939
47940
47942
47944
47947
47949
47953
47954
47958
47962
47963
47966
47971
47972
47974
47976
47981
47982
47983
47984
47989
47990
47992
48005
48014
48017
48019
48024
48025
48026
48039
48043
48047
48051
48063
48065
48066
48068
48071
48074
48075
48077
48078
48079
48090
48092
48097
48099
48101
48104
48107
48109
48116
48117
48119
48125
48126
48135
48138
48141
48145
48149
48154
48157
48158
48159
48160
48161
48166
48168
48171
48174
48176
48177
48178
48181
48182
48183
48184
48185
48187
48188
48190
48191
48192
48195
48197
48200
48201
48204
48206
48208
48209
48214
48215
48216
48220
48228
48229
48230
48231
48232
48233
48236
48237
48241
48243
48245
48246
48247
48250
48252
48255
48256
48258
48259
48266
48270
48271
48272
48280
48283
48286
48289
48290
48291
48292
48293
48295
48301
48303
48305
48308
48309
48310
48314
48315
48317
48318
48326
48328
48329
48333
48335
48337
48339
48340
48343
48344
48347
48348
48351
48353
48355
48360
48365
48367
48372
48373
48374
48375
48377
48378
48379
48381
48386
48389
48390
48391
48394
48397
48399
48400
48401
48402
48403
48407
48408
48410
48416
48422
48424
48426
48427
48429
48430
48434
48440
48441
48444
48445
48446
48449
48450
48452
48453
48455
48456
48459
48463
48464
48468
48470
48471
48472
48473
48475
48476
48477
48479
48481
48482
48486
48487
48489
48490
48494
48495
48497
48498
48499
48505
48514
48515
48516
48522
48524
48526
48527
48528
48531
48534
48536
48537
48540
48541
48552
48554
48555
48557
48558
48560
48561
48564
48565
48568
48569
48571
48572
48574
48575
48576
48579
48580
48581
48583
48584
48586
48587
48588
48591
48593
48595
48600
48601
48603
48604
48607
48609
48616
48617
48618
48619
48620
48627
48631
48632
48633
48637
48638
48640
48641
48648
48652
48661
48665
48666
48669
48671
48672
48674
48678
48679
48680
48683
48684
48688
48689
48693
48694
48696
48699
48700
48702
48707
48709
48712
48713
48714
48715
48721
48731
48732
48733
48737
48738
48739
48741
48742
48743
48745
48746
48747
48748
48749
48750
48751
48753
48754
48757
48760
48763
48764
48766
48767
48769
48770
48773
48774
48775
48780
48786
48789
48790
48791
48794
48795
48796
48800
48801
48803
48804
48805
48806
48808
48809
48810
48812
48817
48818
48819
48820
48821
48822
48824
48827
48830
48831
48836
48839
48842
48843
48844
48847
48853
48854
48855
48856
48857
48858
48859
48860
48861
48862
48863
48864
48865
48867
48868
48870
48873
48874
48875
48877
48878
48881
48884
48886
48887
48888
48889
48890
48891
48892
48894
48896
48904
48905
48906
48907
48908
48910
48911
48912
48913
48914
48915
48916
48917